1 1 1 1 1 1 1 1 1 1 1 1 1 1 1 1 1 1 1 1 1 1 1 1 1 
1 0 0 0 0 0 0 0 1 0 1 0 1 0 0 0 0 0 1 0 1 0 1 0 1 
1 0 1 1 1 1 1 0 1 0 1 0 1 0 1 1 1 1 1 0 1 0 1 0 1 
1 0 0 0 0 0 1 0 1 0 0 0 0 0 1 0 1 0 1 0 0 0 0 0 1 
1 0 1 1 1 1 1 0 1 0 1 0 1 1 1 0 1 0 1 0 1 0 1 0 1 
1 0 0 0 0 0 1 0 1 0 1 0 1 0 1 0 0 0 0 0 1 0 1 0 1 
1 1 1 0 1 1 1 1 1 0 1 1 1 0 1 0 1 1 1 1 1 1 1 1 1 
1 0 0 0 0 0 0 0 0 0 0 0 1 0 0 0 0 0 0 0 0 0 0 0 1 
1 0 1 0 1 0 1 1 1 0 1 1 1 0 1 1 1 0 1 1 1 0 1 1 1 
1 0 1 0 1 0 0 0 1 0 0 0 0 0 0 0 1 0 0 0 1 0 0 0 1 
1 0 1 1 1 0 1 0 1 1 1 1 1 1 1 0 1 0 1 0 1 1 1 0 1 
<<<<<<< HEAD
1 0 1 0 0 0 1 0 0 0 0 0 1 0 0 0 0 0 1 0 0 0 1 0 1 
=======
1 0 1 0 0 0 1 0 0 0 0 0 1 0 0 0 1 0 1 0 0 0 1 0 1 
>>>>>>> 87162c745d60830867872e45040b5e31f7ae43fd
1 1 1 1 1 0 1 1 1 0 1 1 1 1 1 1 1 0 1 1 1 1 1 1 1 
1 0 0 0 0 0 1 0 1 0 0 0 1 0 0 0 1 0 0 0 0 0 0 0 1 
1 0 1 1 1 0 1 0 1 1 1 1 1 0 1 0 1 1 1 0 1 1 1 1 1 
1 0 0 0 1 0 0 0 0 0 0 0 0 0 1 0 0 0 1 0 0 0 0 0 1 
1 0 1 1 1 0 1 0 1 0 1 1 1 1 1 0 1 1 1 0 1 0 1 0 1 
1 0 1 0 1 0 1 0 1 0 0 0 0 0 1 0 0 0 1 0 1 0 1 0 1 
1 0 1 0 1 0 1 0 1 1 1 1 1 1 1 1 1 1 1 0 1 1 1 1 1 
1 0 0 0 1 0 1 0 0 0 0 0 0 0 0 0 0 0 1 0 0 0 1 0 1 
1 0 1 1 1 1 1 1 1 0 1 1 1 1 1 0 1 1 1 0 1 1 1 0 1 
1 0 0 0 0 0 0 0 1 0 0 0 0 0 1 0 0 0 1 0 0 0 0 0 1 
1 0 1 0 1 0 1 0 1 1 1 1 1 1 1 0 1 0 1 0 1 0 1 1 1 
1 0 1 0 1 0 1 0 0 0 0 0 1 0 0 0 1 0 1 0 1 0 0 0 1 
1 1 1 1 1 1 1 1 1 1 1 1 1 1 1 1 1 1 1 1 1 1 1 1 1 
